% subgraph of unit-distance grah in plane

edgelist=[1 27
1 29
1 31
1 33
1 35
1 37
1 39
1 41
1 43
1 45
1 47
1 49
1 410
1 412
1 414
1 416
1 418
1 420
1 422
1 424
1 426
1 428
1 430
1 432
1 434
1 436
1 438
1 440
1 442
1 444
1 446
1 448
1 450
1 452
1 454
1 456
1 1058
1 1060
1 1062
1 1064
1 1066
1 1068
1 1070
1 1072
1 1074
1 1076
1 1078
1 1080
1 1082
1 1084
1 1086
1 1088
1 1090
1 1092
1 1094
1 1096
1 1098
1 1100
1 1102
1 1104
2 28
2 30
2 32
2 34
2 36
2 38
2 40
2 42
2 44
2 46
2 48
2 50
2 411
2 413
2 415
2 417
2 419
2 421
2 423
2 425
2 427
2 429
2 431
2 433
2 435
2 437
2 439
2 441
2 443
2 445
2 447
2 449
2 451
2 453
2 455
2 457
2 1059
2 1061
2 1063
2 1065
2 1067
2 1069
2 1071
2 1073
2 1075
2 1077
2 1079
2 1081
2 1083
2 1085
2 1087
2 1089
2 1091
2 1093
2 1095
2 1097
2 1099
2 1101
2 1103
2 1105
3 170
3 174
3 330
3 334
3 1018
3 1022
3 1242
3 1246
4 171
4 175
4 331
4 335
4 1019
4 1023
4 1243
4 1247
5 172
5 176
5 332
5 336
5 1020
5 1024
5 1244
5 1248
6 173
6 177
6 333
6 337
6 1021
6 1025
6 1245
6 1249
7 178
7 214
7 326
7 338
7 1014
7 1026
7 1238
7 1250
8 179
8 215
8 327
8 339
8 1015
8 1027
8 1239
8 1251
9 180
9 216
9 328
9 340
9 1016
9 1028
9 1240
9 1252
10 181
10 217
10 329
10 341
10 1017
10 1029
10 1241
10 1253
11 182
11 210
11 322
11 342
11 1010
11 1030
11 1234
11 1254
12 183
12 211
12 323
12 343
12 1011
12 1031
12 1235
12 1255
13 184
13 212
13 324
13 344
13 1012
13 1032
13 1236
13 1256
14 185
14 213
14 325
14 345
14 1013
14 1033
14 1237
14 1257
15 186
15 206
15 318
15 346
15 1034
15 1054
15 1230
15 1258
16 187
16 207
16 319
16 347
16 1035
16 1055
16 1231
16 1259
17 188
17 208
17 320
17 348
17 1036
17 1056
17 1232
17 1260
18 189
18 209
18 321
18 349
18 1037
18 1057
18 1233
18 1261
19 190
19 202
19 314
19 350
19 1038
19 1050
19 1226
19 1262
20 191
20 203
20 315
20 351
20 1039
20 1051
20 1227
20 1263
21 192
21 204
21 316
21 352
21 1040
21 1052
21 1228
21 1264
22 193
22 205
22 317
22 353
22 1041
22 1053
22 1229
22 1265
23 194
23 198
23 354
23 358
23 1042
23 1046
23 1266
23 1270
24 195
24 199
24 355
24 359
24 1043
24 1047
24 1267
24 1271
25 196
25 200
25 356
25 360
25 1044
25 1048
25 1268
25 1272
26 197
26 201
26 357
26 361
26 1045
26 1049
26 1269
26 1273
27 31
27 35
27 51
27 146
27 150
27 498
27 502
27 882
27 886
27 1162
27 1166
27 1282
27 1286
27 1546
27 1550
28 32
28 36
28 52
28 147
28 151
28 499
28 503
28 883
28 887
28 1163
28 1167
28 1283
28 1287
28 1547
28 1551
29 33
29 37
29 53
29 148
29 152
29 500
29 504
29 884
29 888
29 1164
29 1168
29 1284
29 1288
29 1548
29 1552
30 34
30 38
30 54
30 149
30 153
30 501
30 505
30 885
30 889
30 1165
30 1169
30 1285
30 1289
30 1549
30 1553
31 39
31 55
31 146
31 154
31 458
31 494
31 842
31 878
31 1158
31 1170
31 1278
31 1290
31 1542
31 1554
32 40
32 56
32 147
32 155
32 459
32 495
32 843
32 879
32 1159
32 1171
32 1279
32 1291
32 1543
32 1555
33 41
33 57
33 148
33 156
33 460
33 496
33 844
33 880
33 1160
33 1172
33 1280
33 1292
33 1544
33 1556
34 42
34 58
34 149
34 157
34 461
34 497
34 845
34 881
34 1161
34 1173
34 1281
34 1293
34 1545
34 1557
35 43
35 59
35 150
35 158
35 462
35 490
35 846
35 874
35 1154
35 1174
35 1274
35 1294
35 1538
35 1558
36 44
36 60
36 151
36 159
36 463
36 491
36 847
36 875
36 1155
36 1175
36 1275
36 1295
36 1539
36 1559
37 45
37 61
37 152
37 160
37 464
37 492
37 848
37 876
37 1156
37 1176
37 1276
37 1296
37 1540
37 1560
38 46
38 62
38 153
38 161
38 465
38 493
38 849
38 877
38 1157
38 1177
38 1277
38 1297
38 1541
38 1561
39 47
39 63
39 154
39 162
39 466
39 486
39 850
39 870
39 1178
39 1198
39 1298
39 1318
39 1562
39 1582
40 48
40 64
40 155
40 163
40 467
40 487
40 851
40 871
40 1179
40 1199
40 1299
40 1319
40 1563
40 1583
41 49
41 65
41 156
41 164
41 468
41 488
41 852
41 872
41 1180
41 1200
41 1300
41 1320
41 1564
41 1584
42 50
42 66
42 157
42 165
42 469
42 489
42 853
42 873
42 1181
42 1201
42 1301
42 1321
42 1565
42 1585
43 47
43 67
43 158
43 166
43 470
43 482
43 854
43 866
43 1182
43 1194
43 1302
43 1314
43 1566
43 1578
44 48
44 68
44 159
44 167
44 471
44 483
44 855
44 867
44 1183
44 1195
44 1303
44 1315
44 1567
44 1579
45 49
45 69
45 160
45 168
45 472
45 484
45 856
45 868
45 1184
45 1196
45 1304
45 1316
45 1568
45 1580
46 50
46 70
46 161
46 169
46 473
46 485
46 857
46 869
46 1185
46 1197
46 1305
46 1317
46 1569
46 1581
47 71
47 162
47 166
47 474
47 478
47 858
47 862
47 1186
47 1190
47 1306
47 1310
47 1570
47 1574
48 71
48 163
48 167
48 475
48 479
48 859
48 863
48 1187
48 1191
48 1307
48 1311
48 1571
48 1575
49 72
49 164
49 168
49 476
49 480
49 860
49 864
49 1188
49 1192
49 1308
49 1312
49 1572
49 1576
50 73
50 165
50 169
50 477
50 481
50 861
50 865
50 1189
50 1193
50 1309
50 1313
50 1573
50 1577
51 52
51 53
51 146
51 150
51 170
51 174
52 54
52 147
52 151
52 171
52 175
53 148
53 152
53 172
53 176
54 149
54 153
54 173
54 177
55 57
55 146
55 154
55 178
55 214
56 58
56 147
56 155
56 179
56 215
57 148
57 156
57 180
57 216
58 149
58 157
58 181
58 217
59 61
59 150
59 158
59 182
59 210
60 62
60 151
60 159
60 183
60 211
61 152
61 160
61 184
61 212
62 153
62 161
62 185
62 213
63 65
63 154
63 162
63 186
63 206
64 66
64 155
64 163
64 187
64 207
65 156
65 164
65 188
65 208
66 157
66 165
66 189
66 209
67 69
67 158
67 166
67 190
67 202
68 70
68 159
68 167
68 191
68 203
69 160
69 168
69 192
69 204
70 161
70 169
70 193
70 205
71 72
71 73
71 162
71 163
71 166
71 167
71 194
71 195
71 198
71 199
72 164
72 168
72 196
72 200
73 165
73 169
73 197
73 201
74 114
74 118
74 418
74 422
74 930
74 934
74 1018
74 1022
74 1186
74 1190
74 1426
74 1430
74 1506
74 1510
75 115
75 119
75 419
75 423
75 931
75 935
75 1019
75 1023
75 1187
75 1191
75 1427
75 1431
75 1507
75 1511
76 116
76 120
76 420
76 424
76 932
76 936
76 1020
76 1024
76 1188
76 1192
76 1428
76 1432
76 1508
76 1512
77 117
77 121
77 421
77 425
77 933
77 937
77 1021
77 1025
77 1189
77 1193
77 1429
77 1433
77 1509
77 1513
78 110
78 118
78 414
78 426
78 890
78 926
78 1014
78 1026
78 1182
78 1194
78 1422
78 1434
78 1502
78 1514
79 111
79 119
79 415
79 427
79 891
79 927
79 1015
79 1027
79 1183
79 1195
79 1423
79 1435
79 1503
79 1515
80 112
80 120
80 416
80 428
80 892
80 928
80 1016
80 1028
80 1184
80 1196
80 1424
80 1436
80 1504
80 1516
81 113
81 121
81 417
81 429
81 893
81 929
81 1017
81 1029
81 1185
81 1197
81 1425
81 1437
81 1505
81 1517
82 106
82 114
82 410
82 430
82 894
82 922
82 1010
82 1030
82 1178
82 1198
82 1418
82 1438
82 1498
82 1518
83 107
83 115
83 411
83 431
83 895
83 923
83 1011
83 1031
83 1179
83 1199
83 1419
83 1439
83 1499
83 1519
84 108
84 116
84 412
84 432
84 896
84 924
84 1012
84 1032
84 1180
84 1200
84 1420
84 1440
84 1500
84 1520
85 109
85 117
85 413
85 433
85 897
85 925
85 1013
85 1033
85 1181
85 1201
85 1421
85 1441
85 1501
85 1521
86 102
86 110
86 434
86 454
86 898
86 918
86 1034
86 1054
86 1154
86 1174
86 1394
86 1414
86 1494
86 1522
87 103
87 111
87 435
87 455
87 899
87 919
87 1035
87 1055
87 1155
87 1175
87 1395
87 1415
87 1495
87 1523
88 104
88 112
88 436
88 456
88 900
88 920
88 1036
88 1056
88 1156
88 1176
88 1396
88 1416
88 1496
88 1524
89 105
89 113
89 437
89 457
89 901
89 921
89 1037
